173544
4291599
5178628
5444463
6145275
6925198
8385612
9633784
10650587
12569220
14636163
17893543
21093596
27612815
29502436
30213057
30727380
30800846
30918876
31934268
32497263
35136297
37862454
40142741
40679113
40793960
45647381
47345595
47707698
48639209
48843564
49575339
62133617
62991448
63778801
64333916
65458181
66212256
70355798
70374432
78289695
87497360
89053819
89231950
89640703
93311519
93619451
96677698
106084228
108698798
109068038
125171607
128611966
130177707
132466684
132927389
133236543
139996435
141430988
142184740
143482098
144669403
145964593
146888028
149150142
152211494
152554064
154094963
155618534
157433454
158377004
161090031
161329930
165155633
166640499
170766987
174936584
176079884
176115426
178168759
178488930
179554183
181499311
182092210
184508809
187062543
188660530
189871780
190546160
191817411
194142594
195110340
203815855
207270388
210624466
213438857
214608324
215723794
218411350
222585926
224869974
226857296
229437805
231088356
231106988
231393195
233498446
237119925
238970024
250383749
251124244
260354905
261341421
261567099
261690573
262798504
266223016
270031726
270207603
274747107
280830695
281454321
285016468
286549478
290379947
292214623
294385639
294709129
296016114
299159919
299223288
303010835
304079721
309775601
313722802
316795096
317575845
319258824
319827438
320190398
320973436
322878922
324192677
324948985
329107054
330550409
330783030
333014628
334626633
336024418
338188624
339278038
342416827
344175363
350757845
352423696
364023261
364161048
366632210
367351216
367489880
369298689
371974480
372662924
374437576
375286946
375685400
376003633
376820328
377629633
379237782
389123716
390462323
390542850
390598819
391066936
391098999
391329234
391663001
392993040
394312464
394604783
397531128
398556216
399711385
401098331
408393074
411048057
411720754
415161445
415990425
416687386
417374229
423099491
428713898
431205443
434417973
434547893
435839631
437570532
438250549
438403668
442119657
444071069
445844732
446236252
450488690
451279167
456181356
456941098
457977247
465836570
467491016
467897601
470193228
472151741
472993829
481356714
488745835
489074028
496101211
497778491
501088025
502674484
504093081
504359471
506173001
507641101
509039339
515576874
515750418
520256473
520622852
520735670
521835635
521860913
527008705
528215501
528909159
529167248
529923744
530031219
530656672
531799935
534250429
535738766
536895171
538309356
539734787
540781451
540873916
541121073
542565358
543218679
544776411
545807038
549923929
551288766
553325884
554596858
557897376
558076878
558269487
565437817
565479435
568170190
568307498
569351490
572404633
576417880
579163641
580780679
580995923
581875394
581933297
585492048
585948690
586105629
589266758
590036507
593489655
596662973
601835978
602247434
604609805
607488521
608183611
608357155
610844312
611287745
611504190
611948051
613038346
617069594
619128578
620441087
622856596
626236356
628054330
634513212
636892719
636979604
642557834
643128042
646273112
648228372
648427282
649581589
651145197
651909401
652946356
654128564
654268978
656567494
658992193
660535480
661926949
663739634
665133059
666601127
668723651
677432770
680876225
681811073
686282304
689560804
690234086
692477706
699707464
703152709
704797145
705220606
708964636
709086813
710492238
712459222
714343627
714384329
714950829
717907511
722669097
735811252
738373233
740741777
741901896
741956527
743859680
744717214
746767777
749092765
754404549
754448151
756860212
757525084
758574681
760449454
762283240
763734646
772061071
775861081
778100830
780667376
787704100
788815230
789307903
790317117
791956146
792033162
798919059
799067811
800076448
802618097
804112700
811085154
814385271
820457351
821527261
827221357
827514849
834667963
836914362
837215029
841580211
842237507
843526387
843536089
846471626
851203526
853620160
855115244
856528367
857284309
861355208
862850219
863570822
863671300
864656831
867667669
868345826
869985339
877390502
878096925
879591827
879600136
880154845
882384772
882496171
886215592
891201689
893766005
894821794
895838907
896027179
898830874
898938426
899487775
902900725
905039696
905188600
905393222
909036462
913476501
917174824
918254957
921045049
923175285
923401207
929734867
930952928
934991763
936699801
937586643
939686743
940611244
947650570
948883233
951228076
952593823
953163174
953941696
955699501
962780119
963939449
964044580
964379161
964672206
968080881
970888013
972505914
972817298
973887801
975449097
978766309
982021155
982993573
983964020
985606008
988474288
989138849
989397850
993297951
994823590
995403797
997592123
999750513
999793654
1003729984
1004398642
1005219332
1005612391
1006618021
1010130762
1010559328
1010783389
1021509319
1022175299
1024479877
1025276772
1026590835
1026783387
1027898745
1031005071
1031103433
1031437866
1033918506
1034025875
1035276830
1035570930
1038221717
1039818227
1040786387
1040873175
1041863209
1044184750
1046687766
1055199765
1057792783
1059772282
1060583572
1076457771
1086036395
1090668680
1095905638
1098498339
1098498459
1103482908
1112207094
1112680843
1115272878
1121152115
1122155345
1122735729
1124107573
1125830221
1126722398
1138923377
1139772771
1140756736
1143125971
1143574510
1145482999
1148068769
1152651899
1153157882
1156929147
1159032603
1159484327
1160259214
1161473388
1163797731
1169554275
1171483682
1171785634
1172668551
1174395524
1174786773
1175669825
1176749617
1181772603
1183326562
1185878904
1190641775
1191839655
1192934654
1193050256
1195153398
1196477045
1198113282
1198647395
1201596153
1204359576
1209873297
1210083647
1210508211
1213048330
1214025346
1220787892
1229935078
1231393262
1234603025
1235614156
1237447541
1238765813
1238794519
1241741247
1242599831
1243094952
1243312329
1248201580
1248224944
1251697942
1252700316
1253151404
1255341085
1261986578
1262782914
1263176169
1267910922
1271561513
1274417563
1275264962
1275758754
1281193995
1282358208
1285099402
1289533217
1292314459
1292922332
1295942051
1296762807
1298328019
1300586674
1303322618
1304359046
1304671305
1309140641
1309803509
1311211720
1311660079
1315970535
1316157977
1316191055
1320453096
1322364938
1324405359
1324453732
1326739218
1327437760
1335629187
1337111385
1337804248
1341618233
1350508358
1351279002
1353500139
1354918376
1372419188
1375693314
1379480402
1384537626
1385908239
1387379588
1388503796
1390150664
1392870983
1393823612
1395350554
1397309272
1398828280
1399024295
1399278282
1403143519
1407019309
1407811231
1411396084
1414736429
1415792032
1418523836
1419342982
1419881556
1420599846
1421940787
1422466043
1422547214
1423753637
1425806079
1431422809
1433685310
1436337386
1436447951
1436817834
1437043602
1438205292
1439201378
1441996999
1444001615
1444571108
1447446004
1449133063
1451876248
1452238343
1453091067
1453189680
1456115762
1458849410
1461138729
1462742817
1466174052
1468063548
1472067601
1472797060
1473211932
1476824639
1480089983
1481582863
1485345014
1486485892
1486738323
1488050030
1488199808
1488664998
1489968582
1491454035
1493635992
1493866031
1494199087
1494607038
1499593165
1504487953
1506280638
1507047965
1509360593
1509963403
1510473868
1513551400
1513953018
1523834061
1524438856
1527067332
1527323575
1528663691
1531311848
1531726567
1533858042
1534338090
1534817138
1537805832
1542282820
1543081432
1544256881
1546752616
1548504787
1549866013
1550196523
1553747383
1553792092
1554157612
1555983787
1556767887
1557827574
1560269964
1561740156
1566361879
1567020606
1575822617
1576134617
1583753832
1583976873
1584839623
1585775952
1587853442
1588335276
1589960924
1600876175
1601842246
1601883906
1604273045
1604912846
1616661997
1618486576
1619104982
1622158512
1628607197
1629501056
1631789753
1634674981
1636348376
1640422319
1640573847
1641792839
1642029577
1642491935
1643334782
1646709999
1648422388
1648699633
1649231612
1650726107
1652680164
1654360387
1655907509
1666472215
1668736595
1671873548
1674128948
1674455676
1674819207
1677195376
1684549182
1684964602
1687315639
1687553736
1689864990
1694090090
1694884499
1696852107
1698344365
1699359905
1701072803
1703307755
1704590093
1707266175
1711509266
1712637179
1716365594
1716816899
1718116485
1719055431
1723061349
1724363609
1727795803
1730727474
1731095376
1736225677
1736956752
1738702617
1740204740
1741897239
1745433018
1747012451
1747187930
1748410204
1749665206
1751527269
1756392127
1756891144
1762337995
1762772677
1766498543
1766892819
1773099310
1775031955
1775728478
1777792035
1778518151
1780578734
1782801857
1784397360
1787816313
1788356788
1788609660
1788871647
1790007298
1790068574
1790083285
1792379828
1794002661
1795827139
1796496051
1800460257
1800608999
1805376707
1805719330
1809633788
1811868375
1813983039
1815304801
1815843074
1817728245
1817756794
1818721408
1826591147
1829495833
1832129388
1832737712
1835174524
1835291329
1836066270
1836420987
1839284581
1839875580
1840558389
1841196571
1845488705
1846551076
1847150456
1850441484
1853434432
1853893160
1854362823
1857312128
1860781580
1864048658
1866498209
1867642962
1867652729
1869437802
1873050916
1875764779
1877272409
1877552828
1877588738
1878351419
1879569724
1883006093
1888962102
1889633606
1890642012
1892114127
1896932691
1897065768
1898976591
1901147641
1901512206
1902985917
1909713642
1910283518
1913192310
1913491232
1915895610
1917916079
1918141624
1920428386
1920743703
1921142730
1921174025
1921457106
1922854877
1927812748
1929118842
1932623284
1933526632
1933714729
1934862066
1939015327
1939733766
1940608939
1941393638
1943223858
1944193955
1945890604
1948629906
1952662796
1952853450
1956774164
1961357047
1962035874
1964048460
1964752709
1968271585
1968747160
1971272433
1979472262
1985452012
1987141063
1988823513
1992118067
1995517109
1998655544
2000048955
2003217152
2003407883
2003587812
2006019199
2010712620
2013007260
2014239928
2014845512
2017056372
2018173603
2019050839
2020516473
2021547406
2022264243
2024941737
2025773980
2026537111
2027881989
2031823442
2034919628
2037703030
2040685936
2042392582
2044818179
2044968809
2053496500
2053623019
2054463725
2058777474
2061933329
2063699686
2064400918
2068695731
2069691990
2070926428
2073980643
2074540072
2080474763
2082466307
2082608630
2085303489
2085463569
2086450020
2088767471
2088902779
2090797148
2095683760
2096675065
2105189505
2105703277
2107003484
2107037336
2107504433
2108302650
2109268326
2110384665
2111793055
2112479991
2113660572
2115042415
2118475582
2121348355
2126176544
2129664528
2130585446
2133711472
2136061052
2137860333
2140348528
2142537390
